3398
277
3408
1090
529
7413
8139
6577
3909
1395
5029
6994
6994
5609
7755
9109
2704
1157
2566
4031
8886
4947
9631
8773
297
9869
2653
3290
7212
7246
9465
5027
3095
8926
2999
3243
1668
868
1560
8140
9300
4263
1311
2076
7098
3387
8372
1113
2911
6027
1226
2926
2754
8254
9457
562
1841
4240
6872
6377
1476
9937
7488
8518
8966
442
1909
9066
4118
287
6428
3659
9908
7070
171
9045
2901
8512
3499
6860
8142
1554
922
5556
6941
4939
6674
2515
8775
4799
9297
7005
4856
6996
42
3924
6468
5581
5150
8562
8366
3396
8002
9357
7006
1578
5445
1821
4664
6957
1138
6449
1169
766
899
5848
2597
2999
3157
6011
5949
8402
4126
9995
1566
955
9056
3909
8822
7768
4781
8622
6940
4658
5556
6119
296
3151
1504
2354
9036
193
2303
570
9169
1155
6375
7910
1841
3975
3312
7594
8897
5339
9104
5698
8204
7064
348
588
843
3285
4133
4515
447
7884
2705
6905
4486
4831
4285
9732
4928
8687
2824
900
6313
3709
5775
5076
1131
9817
1672
5122
4088
5225
5998
7730
8372
6955
9368
2040
3510
2863
3029
5574
8669
9672
7464
1876
8614
5180
6851
9288
7627
9138
134
6201
2149
868
4493
1227
6009
8551
9826
8380
1799
5064
3027
6439
8908
1489
6602
857
6956
6585
889
2332
2747
7205
9045
4758
1677
9741
4503
9152
9955
3157
4940
5186
1681
1307
7778
7526
9599
1489
2122
6190
155
3098
7061
3547
4263
8100
2305
9651
7207
7964
9694
167
4234
515
4245
3217
5448
8864
3323
7561
1294
2755
1337
693
7783
5849
5439
3891
3155
3221
9680
9372
9905
846
8706
8909
6513
1984
9791
4346
8055
1630
8628
194
6786
9489
2149
1016
2428
9437
769
1925
5376
8585
4596
7243
6436
1199
9789
491
9284
7137
1226
942
6977
7478
7706
1364
811
2912
3008
597
3130
5011
1266
6007
4863
8520
8253
5899
2204
33
8297
8108
3378
3046
7033
6951
3172
8119
4257
2827
8856
1414
9647
1287
3265
4919
1732
3313
4541
1162
7335
2096
8697
880
3385
6540
3783
364
9881
6469
4253
199
7327
8527
7935
8284
3575
8430
3790
1351
9077
2825
1888
5339
594
4161
1817
8118
1430
6655
1999
3879
6754
3313
9535
3142
4257
9530
1505
2017
1402
4399
1049
6604
2003
7504
2338
4232
4910
9756
4229
1375
2904
5634
8776
6888
8655
7915
6896
1234
8789
3044
8981
9722
7445
299
9612
2698
3613
6366
7146
4155
4731
8895
6267
3609
1084
8985
3567
9425
8528
1535
5276
5135
5062
4538
1880
9425
6273
9289
2605
4175
6680
977
671
2740
4993
9488
5806
8750
4502
546
748
5251
884
4815
9219
6713
1672
1462
7082
6275
450
1685
9850
516
8111
1016
2599
8031
1810
9851
9087
3731
5118
9132
8970
8639
9941
5135
9338
9248
1455
9202
6820
5928
5489
2439
7127
2966
1119
9315
4323
1049
9914
6212
6359
9267
7202
4709
6955
8235
5136
4973
7586
2708
9062
5032
220
7803
3069
6152
2335
1490
3861
3760
3
3217
7005
5212
8655
9473
5767
5308
9967
9449
4335
1247
745
3979
1155
2032
5645
2224
7711
6867
2638
8611
5458
6868
6654
3580
1552
7145
3465
2934
9555
1897
8568
7350
3268
1114
3181
5530
2056
377
4569
4729
5697
8178
1326
843
8210
7030
2889
5024
32
4548
7912
766
8964
6003
5869
3338
4966
1748
9481
9753
7118
5460
9734
6518
5936
6218
4795
9205
9183
1126
8728
8818
4857
3178
2224
8025
8282
8853
2187
9882
9864
7208
7137
9427
5556
7865
7009
5010
9897
1745
9224
5795
9977
8451
2649
4799
4324
9982
6880
6510
7519
2574
3464
5087
2963
7489
9188
982
4768
6222
5475
9011
5187
75
2676
561
2801
4718
4502
7178
1398
3880
83
8397
7198
5480
5859
3732
3981
466
2444
8339
8035
7762
5317
7995
8647
1294
9281
4093
4254
1619
9449
4143
9820
1150
898
808
7738
5591
8927
8171
8961
3365
454
9032
7737
6302
9259
3069
8617
1223
5521
7587
9966
5232
8199
4758
4701
2998
4736
2122
1494
1541
1549
2787
7342
6505
7559
3885
7950
5452
3238
3837
2191
7350
1467
9146
2173
3630
9543
9188
6799
7724
2771
1667
1343
2907
3459
7828
8680
8351
5930
5887
5634
7654
2661
5880
33
6409
9536
5833
9304
2498
1225
3028
5301
9680
9251
3995
2203
3049
1782
296
3736
763
580
6811
7483
2605
1616
8963
4326
5083
6903
299
7435
2442
6055
83
9597
8524
987
5485
7521
9236
5159
7798
6073
1580
9380
3524
9862
7084
3542
3673
2398
3952
5591
8898
9583
2321
4563
8043
9188
3519
1675
2058
4528
1463
7056
9544
490
4602
3504
8725
5260
6614
3233
8110
5517
9086
1830
8493
8388
725
1271
3107
9467
6507
591
1477
2742
8873
9236
1948
9751
8889
2846
6506
4260
4244
7711
753
8306
33
8484
9583
8719
9165
8408
4674
9671
3670
8599
2179
4188
767
3251
5647
5143
2696
4805
7516
5603
1561
9084
2528
9892
5723
665
7472
3506
2745
3486
2298
6988
9035
8495
1540
4492
5842
6363
3448
2359
3965
1956
2319
7105
1702
5884
5365
3042
7497
6449
12
2552
544
6096
210
3537
7342
8676
8858
3778
2873
2140
7769
6372
5143
329
3258
3349
5518
7286
8471
2349
4506
4426
781
3306
4403
1767
3494
3066
5008
8636
1511
3197
364
8465
6176
6948
1721
3673
1845
698
3786
6156
9974
843
4588
8136
9207
3755
5124
2414
9124
3500
8819
5165
1925
617
5157
6210
6468
278
9636
6803
1253
2707
4362
3912
2423
132
5264
9308
9631
4935
5969
1237
5370
9768
5356
4262
5954
5417
1050
5324
5773
9268
7613
6751
3547
236
3921
7721
3749
9984
2546
3392
2023
5932
777
7285
5496
3681
2382
3569
4476
7225
2106
3018
4699
7745
8287
768
6402
2199
6142
3715
6260
302
8062
2327
9902
2409
5916
7255
3775
6584
8710
1390
9478
1155
8492
765
9858
8020
3790
7405
9507
2370
6113
5590
8123
5181
1602
2133
3345
6456
7467
5115
3514
6462
9145
4714
7556
6832
7195
3268
7020
4451
9307
320
9729
5033
6259
3483
5656
8967
7327
8033
9246
1005
8829
6632
4052
568
2391
3517
792
4075
803
1217
9184
5932
9481
6169
6954
2413
284
6506
4516
5627
5382
6583
1751
81
2923
9672
1342
9811
7984
3646
7558
8636
3182
6564
4689
3744
6486
9511
2855
6692
6672
1014
2093
3694
4399
1092
8140
6384
443
6169
2456
4217
2335
22
733
9554
4713
8150
5002
9916
1614
9930
7133
5312
491
9671
7683
1292
2994
9373
9039
3210
4779
7321
3829
6993
4013
7383
3535
3306
5534
5404
5392
9263
5472
8583
2601
5553
4392
8551
3292
328
6498
7084
7455
3289
3124
8635
666
1788
9999
6879
2583
9453
7012
6436
1443
9124
5200
3264
7605
5150
4594
1337
3142
1023
9944
9832
4904
5720
1979
1714
6549
5716
1079
8078
7275
2120
7513
8431
3767
973
5636
6916
970
3064
1261
2983
4802
2494
984
8632
4680
9605
4018
689
4447
5135
8768
9217
9558
936
2833
2971
7096
4497
3486
9588
640
8542
5251
1801
7076
248
9481
869
4992
8844
2562
6149
1308
4844
2087
986
9086
1143
4595
8874
9082
4808
8468
4194
9252
9671
8010
845
454
7546
8131
9480
5972
6635
9303
3684
3883
8461
2095
6315
5009
4624
9513
7992
7879
6397
2780
5674
7111
2243
8389
4776
2080
8066
545
9062
7945
577
1677
8653
976
9775
2610
1463
8908
5158
3384
2719
8170
7508
794
3004
9925
8986
4536
3812
5285
3406
177
5230
1445
336
7031
4944
828
4405
5540
3394
6555
1248
6093
6337
5699
5200
736
1447
2794
2219
5136
2979
7919
7990
7474
6598
357
3963
2233
7623
2114
1881
888
8687
3258
849
9694
1501
581
5537
7843
3821
4164
929
9754
4880
8533
8412
9276
8962
9516
49
1335
6967
4798
7266
1779
7429
2130
4118
2111
517
5117
2041
2389
230
5051
984
6863
7308
4915
8812
961
8310
5569
4708
3687
5694
1900
4768
9847
6275
1660
2583
9122
64
6157
8923
7853
1451
6373
1321
4898
2949
329
8967
8296
1902
6552
3400
9367
1647
4464
9315
7137
5521
9925
2891
6419
2486
5408
2826
6703
1969
6573
1735
3425
6369
3344
2253
2451
4959
7189
9531
8698
9522
2066
6459
5592
4481
3658
5394
1187
9940
7882
2111
1302
3534
8848
8174
3681
3690
8343
9444
7921
9613
2771
3626
4038
6465
1550
5542
8497
6894
789
6811
1162
2511
2561
1963
7116
4909
1986
7254
5896
9077
4324
8665
1539
3894
7652
9993
5588
9606
1316
3051
4509
5430
2850
9495
4796
6189
5569
4269
3238
1144
5935
8559
9745
98
9393
5317
3270
6702
216
136
4262
6865
8687
8074
3383
2895
5407
5910
6348
3834
9822
8418
7687
5636
4800
6240
447
2754
5570
3254
2491
5075
2696
8142
4611
9919
7427
4413
6009
2358
2629
2704
9218
164
2996
9083
888
6760
7283
7648
3737
6574
6455
679
1886
1072
8690
8136
8480
2550
3709
7213
7903
9514
5923
8951
3137
1035
4987
2699
3216
9080
6169
3369
9929
8569
307
2655
2874
1921
5531
9421
7804
6845
2367
774
6647
2386
4451
1450
8632
4214
7846
7484
2722
744
8920
3248
9490
9805
1323
8480
1984
9935
4433
8507
8968
9782
4279
7886
3088
123
8408
4567
5776
7241
9491
2781
4583
9156
9188
8054
3425
6710
9587
9430
9250
567
923
8316
7900
3737
2
4450
7619
5152
9386
904
4584
8686
6947
5318
9995
2714
8202
1634
6496
3667
6976
5687
3419
7620
7645
2805
584
6930
7311
7432
7255
6428
3515
3887
5217
2559
365
158
2210
5896
5021
4358
5770
8618
3003
1474
8329
1106
4252
9818
7562
2305
2753
7326
868
2189
64
2063
3874
4323
3064
6939
4429
8684
614
7452
4063
3555
5488
3212
5853
4741
3805
7942
7876
8478
1800
7236
6764
7028
3003
1921
1768
7525
8708
467
4241
6692
9769
5708
8754
4440
7795
5910
7697
306
4588
6133
4230
8500
8296
7691
8645
4933
7948
8518
1178
7086
1600
4655
9842
4282
3532
5416
5613
3905
3965
7709
8139
8730
5013
220
5626
3693
6605
1265
6412
8143
3416
4536
7614
9659
9437
5194
1356
557
3944
5308
4238
1901
3432
4762
8435
9825
5192
9734
7398
9752
8163
2408
334
5866
6806
7707
9916
9869
3502
472
7230
1575
3350
549
4163
1682
4688
7271
6148
3347
3175
6893
2525
9353
9689
163
3297
5997
9222
7697
3778
452
3558
4535
101
5907
6062
374
5337
398
8153
7869
3314
7555
6190
9742
1474
9046
1076
3628
2438
8168
7924
1856
5111
5409
6211
5072
5852
3467
4428
513
9117
6663
1970
5995
937
3609
4802
6808
7096
2502
2927
7481
8727
5867
4332
7107
3061
142
2933
132
2080
1509
588
5483
4235
7296
9531
3053
135
7129
5845
7441
3706
9679
5960
7459
2990
5023
7546
3225
3293
6955
7991
1424
1164
8535
5926
4838
9306
8484
7140
3408
1585
9651
5735
3707
5166
8453
8201
6534
2296
4283
2206
4498
2229
1197
2083
9821
6652
8092
6221
1931
49
9449
52
428
5026
8316
8055
6353
3077
8672
8644
3112
3612
3235
2664
5343
27
9792
9654
4587
6715
7037
9355
5147
7664
5693
3994
9816
5068
2035
7518
7757
4777
2157
9540
9635
2454
9993
3856
1775
8599
5422
4064
2280
7539
3777
9372
9918
8713
7197
4291
5023
8502
9540
8381
2591
53
1200
9227
1861
3719
4440
9852
8599
3603
6957
3013
8711
2524
4329
4489
7061
9767
2057
2064
7565
9543
9941
7967
5729
590
3553
432
3467
4492
3968
7701
2548
8752
7163
7767
9774
8460
2150
3942
7252
2146
1996
9817
364
1829
7915
3328
966
6462
6513
7813
9538
393
5813
8154
2259
2538
2348
72
1657
7087
8728
4295
9202
5264
7009
9150
4343
619
1020
3278
537
3490
116
8674
242
3385
8862
8970
1210
6391
5844
8072
1749
9116
9532
3339
2796
2773
3485
3193
9072
6916
6033
1618
433
2398
9714
3588
1635
9643
4163
3160
7075
8969
6384
8990
198
8056
9018
8142
6580
7661
9805
3197
8056
7235
5751
1273
8900
3522
9896
2972
4310
126
2508
4083
8171
8424
521
6297
718
4542
2839
2830
8727
6084
8841
3920
6155
5620
8440
2971
735
2258
1312
4825
8714
150
5682
3180
5662
7358
9695
3358
6151
5208
4536
605
525
9629
303
891
1089
1814
9034
9925
3349
3030
3125
9742
7226
3058
1542
8421
6301
8848
1941
6376
7784
421
7396
5812
5778
7503
4527
8176
6358
7202
5255
1333
1907
7205
8147
3584
9105
5271
5889
1598
5926
1638
1116
6616
8639
5266
8840
9415
2267
4316
6519
2157
4631
4510
761
6542
6903
6882
5650
4465
6669
6501
7549
1105
9392
839
6279
2523
8599
3094
2653
6712
1107
6209
4602
8797
8644
1284
4529
3511
9973
4120
9442
8589
9353
5103
7934
6171
7502
9099
6480
9946
2581
9439
2840
9848
4419
1333
813
4998
8913
4169
9176
806
3319
1638
790
4729
6586
3128
9010
1511
6850
4117
182
2333
6597
8110
8107
8381
7599
9967
220
9161
5069
3046
5777
9260
9536
4174
8167
3320
5303
6872
8798
9144
8820
5197
4069
676
1317
2099
1398
5122
5611
327
436
3878
1462
9446
6578
2070
7663
1166
887
2691
1517
262
3238
2809
5183
3731
1516
5858
9727
5918
2448
1416
1360
6503
8606
320
1644
3487
4509
5509
2783
4176
1151
2557
4532
6177
4423
2034
9864
2126
1820
6088
7833
1111
4737
1
97
6110
343
1941
743
9165
3012
13
9346
5436
2556
9342
9054
1970
1244
8792
9527
4467
5015
492
6919
1243
2304
3608
1974
5826
7390
5427
3282
8048
547
5542
2217
787
2352
6735
355
6427
4833
5314
7240
9912
1491
530
7932
4805
9625
3215
9001
1360
2254
7112
1530
5175
5498
6074
5258
7611
6855
4737
2504
3816
2845
9346
538
5494
4250
2061
3593
6753
3110
1416
4539
800
1143
6930
2990
8615
9420
1
1674
115
297
2117
3846
2626
6978
7971
1405
5772
7787
1027
6390
9312
7235
9658
1166
749
8794
3094
9497
5416
3384
5045
8533
8805
1722
9460
1500
1897
5402
5020
4161
9314
4033
7259
3948
8501
5994
1923
606
2743
9097
1413
310
9564
1437
8084
1644
7657
7881
3737
6067
2118
3630
5334
9509
9451
8294
5652
3281
5672
9472
3871
5041
4640
541
7159
9192
7331
3938
6972
7578
4311
6756
1016
1362
1427
6631
7851
7227
3847
9298
5711
9996
7549
1095
7296
9259
217
9443
9530
2344
1446
8953
8035
6954
7066
2139
6550
8916
430
7347
8246
2152
7492
9404
386
6847
9717
7367
8006
8198
586
3368
7529
7064
7535
9864
7132
7073
7177
5612
4421
3513
1737
181
8340
8424
6322
3787
6810
5261
3861
1469
5698
8729
7365
3085
922
9850
9409
8917
7655
3015
8416
4387
7285
3035
849
460
5827
528
6018
8238
8638
8556
1195
4570
6797
9273
6360
9564
9739
4139
207
8725
6232
4035
5082
6249
2740
4533
3257
8528
8983
6598
3979
8628
6307
685
671
8301
1510
5557
7829
2741
4755
2977
6163
8600
6785
8603
2689
853
7470
6808
163
9000
9334
5457
7978
5419
4578
895
2806
2144
4126
290
4365
5365
8099
9000
404
3020
1667
2629
2475
3689
4245
6482
9415
7403
6795
4175
8861
109
3490
2169
3549
1083
5963
6281
6374
9008
2901
1124
2527
5378
9108
5562
1607
208
6561
7676
9676
3302
1533
8217
2666
3507
3862
7365
5919
5175
4875
2498
1256
9715
8391
5339
7715
7011
1867
7963
4114
1897
4412
6560
5345
969
1758
1944
8269
6047
6675
5037
52
5666
1727
8080
8532
1077
3726
3280
7997
331
4423
1121
1203
8071
2888
9107
4490
1139
2087
6008
8030
8797
5804
7344
6386
3991
459
7013
4430
7479
5259
6451
5040
3905
9894
6670
5750
9781
9637
1046
1913
137
1586
9243
149
9715
5703
131
3361
8320
9359
1541
4823
8051
8982
1513
9208
6228
285
335
9620
9844
9824
804
3595
7059
7443
8575
3424
7035
2884
7795
5102
4189
4633
4913
1323
5166
9927
6969
82
9670
7704
3478
1075
9920
5002
5550
3581
9863
4283
6061
3018
1149
3077
6337
299
324
4440
1704
9470
9961
9005
111
1354
9885
6038
9323
1308
1276
1819
5012
6202
9975
764
1822
4596
3350
8029
3119
1587
2597
1865
6848
3934
5574
3724
3660
3996
2218
7868
2128
3368
6463
7497
1096
587
7771
330
5104
3805
2762
9815
5385
1978
5997
7398
8899
8477
5599
4591
980
4531
3022
5498
4685
8547
2174
2683
8542
7160
1664
8744
1912
648
818
7353
3862
5293
1730
6703
58
805
6108
9379
4126
2118
8210
6448
2238
1444
6340
8839
1814
7249
7400
4475
7327
9415
2156
5941
2399
4000
546
1158
7607
899
4461
581
1833
4489
928
153
8107
5581
913
8915
1883
3185
9101
605
8582
111
6382
2015
7318
99
4284
2688
3083
4210
362
328
6471
4511
4620
2975
8093
6232
6446
7502
9304
6870
4568
7113
9511
9792
1471
6432
3620
124
706
1067
2530
8813
1159
3805
2611
8199
7963
2695
9628
6041
2920
6224
1424
9430
7951
7145
9638
221
2842
9289
4879
6812
5048
8513
4536
4621
470
9797
3607
715
9688
660
7544
9830
2729
4287
5285
3762
7622
6570
3051
6739
9136
537
7272
1726
5530
3206
4606
2819
6741
5533
2886
9291
2494
7460
7295
3034
2833
6138
3045
5235
6974
5530
5146
4071
9058
9362
9009
3230
5471
1463
2452
1201
8765
9477
3427
7363
5160
4217
7671
3237
3513
834
3764
5357
6065
8737
6805
1496
7151
3405
9872
1097
1438
1668
5789
4904
6963
4388
6663
8745
9648
572
8671
6627
9867
5706
1569
3255
7498
2104
4414
6720
485
7965
2087
8385
3433
6919
2377
9641
3188
8073
2938
5061
8734
7553
3703
5547
9690
2014
2677
9992
9342
1149
5479
1837
5706
5283
9401
1084
3899
9063
3971
8667
6287
8082
6437
6114
6913
9821
6064
1784
2363
4907
2231
8328
2023
9913
4150
6422
9650
1606
360
1826
4193
2382
4533
3468
7909
3963
5839
6126
2971
7748
9388
8370
1296
1362
5669
825
5632
9958
2972
9822
5602
6910
4243
8686
2636
3820
4511
2931
7012
4500
1897
9872
3066
790
1157
2151
5736
2053
5690
4198
6569
6377
9962
7596
9542
9663
3221
4322
1370
7339
5013
2424
708
9147
3774
3804
460
2700
5237
8197
4580
4822
1519
1826
5762
4607
8659
8384
2889
2576
5067
1117
5552
8975
4275
5531
9171
1731
3192
603
4543
1346
5509
1173
4594
568
7
3069
9788
6673
5795
4839
1459
6554
98
5264
1390
3426
3512
1351
4754
9461
9274
3919
310
4486
2595
1806
9631
9282
4620
4640
5636
5964
6150
5734
6694
3141
6491
3536
3209
1397
1095
5327
4798
6756
9661
2582
1627
2225
3079
1494
605
4996
4243
6384
6716
7413
196
971
7961
113
4629
6163
5971
8693
2239
5925
8588
3001
4889
8504
2385
3620
3450
1773
2252
2023
587
1704
7053
4118
5910
7842
1869
7809
7987
2170
1676
8540
8452
5195
4530
8098
6745
7511
9876
2452
9927
2106
1750
2341
8650
4569
4135
5270
5167
794
8475
1213
2115
8533
388
2613
556
9971
3432
4826
9766
8017
5637
6514
7927
1101
4724
1640
4622
5242
2801
1153
553
5030
9045
6926
3124
2607
6057
6728
2262
6082
5295
8886
6573
3120
4446
780
8883
3797
3260
8449
1575
6831
1080
528
586
8698
6991
8127
6305
5619
7950
7349
9462
3902
9806
3114
643
1689
1308
4538
292
801
5997
7432
843
1550
2716
915
3725
9540
126
4676
7601
3913
3043
526
7388
4072
9457
8042
8159
6825
1479
3399
3817
1389
9645
4639
8658
2635
5611
2012
5270
796
2079
5054
2683
7578
7836
6237
2885
5404
8731
8102
466
1675
4142
9885
4886
5804
1743
8202
5972
1908
5762
5067
4376
8734
4794
9263
7561
3230
3858
2890
4383
1469
655
8860
3024
7658
7074
7810
7755
2031
9894
8823
1597
5142
6303
5313
7664
7613
4924
135
196
604
5715
2619
3835
9924
4766
3291
6832
4647
4528
1321
236
5731
2232
6952
5984
3819
8757
4273
915
7670
4996
3198
6280
9345
8934
3744
9690
4087
4862
9195
8212
5950
3515
1668
9278
6136
8024
1878
7746
4063
7217
7041
6941
6394
5582
4583
8683
1356
4782
2552
7862
5650
6606
1348
6911
284
4866
6226
7281
8184
5952
1991
6784
3146
5388
5609
6043
1207
4493
7743
716
4308
8300
1368
7212
8598
6999
6508
1057
898
2522
9821
1145
9983
3563
1453
8507
8951
9872
1115
224
9927
9070
3644
817
8400
1310
543
1724
9901
1672
5520
5458
6121
9220
6116
4511
4902
1554
365
6246
3027
6213
1160
9721
7686
7872
9617
9448
3112
4968
1934
6579
2709
6726
6258
5265
9423
7893
2806
6894
5709
8660
8746
4057
1816
1095
2748
2409
9063
3789
582
7366
3627
6542
3936
3461
2979
6991
4262
4018
6019
1290
54
9615
3759
4875
4873
3688
182
6906
4058
9830
6362
7563
2875
4493
3539
6462
6850
619
7103
5484
376
3367
2622
6150
649
5790
8142
2939
5076
3039
971
8913
7057
2351
2523
5815
7643
6678
9657
249
7640
6637
6479
8444
2284
1932
7868
287
9769
5617
8402
5084
5253
5356
5681
2234
1805
6057
9505
2484
3924
8030
3309
9662
7507
9419
5503
9497
7966
4181
7695
8597
5921
1940
4959
5863
8332
2277
5910
765
7603
9474
2282
5173
2345
664
9956
7596
6119
2350
9635
383
1989
1996
4194
7340
155
2436
3626
8754
8357
5555
9731
824
233
821
3470
1946
5928
6872
5050
8234
9009
2770
7994
8738
6474
9572
6445
7858
9235
809
3704
1626
735
4648
4764
7270
8176
8487
8938
6822
5388
9012
922
4589
750
6065
9073
9362
6916
4911
4901
6183
5372
4324
1764
7099
2641
6395
6971
18
1209
7582
9184
6859
4223
1037
8514
9597
1581
1560
4480
1928
7877
8412
1130
5442
4496
9810
3230
5362
6025
6000
4106
691
8168
2748
8624
9856
4386
3511
9539
5781
9525
4728
3332
4855
3049
1133
3152
310
9657
8974
9539
8834
4226
512
1599
1315
4537
3286
5947
4022
7726
72
6834
5129
4126
4858
5007
5903
5177
1640
5036
337
2955
8448
1666
2341
6695
7251
1683
836
8423
7880
253
7455
3742
4492
5216
7111
4511
3279
8814
1487
1034
9408
449
3225
7896
3985
662
4161
1979
1531
6603
4473
5731
6490
3661
6982
3745
7939
7887
7037
4588
6639
9710
5277
4608
3681
647
4676
5044
2996
6232
3209
6306
7648
4652
4673
4964
1184
1194
1044
8692
1023
5389
4838
4136
4095
2751
6583
4644
6923
1574
9475
1453
3911
979
1166
6558
7021
9641
4488
4566
2586
9986
1802
1519
3984
8246
8965
2642
1663
5701
4744
9930
774
3336
6553
3335
3141
8913
738
3948
9336
960
9072
5500
1363
5213
3237
2430
2732
7924
9761
7225
9363
4226
9355
4265
5324
3645
3370
6398
7960
1981
6124
2884
4026
3997
6791
6706
3421
4949
6279
6234
2073
148
270
3500
1486
9482
9579
2086
9854
540
5544
5461
3416
3938
801
9215
4903
3075
5815
809
2376
5184
6775
4321
3567
2149
7938
6568
6172
1396
9153
520
168
376
753
2235
6507
5187
6830
5304
9154
1226
6733
7994
2890
3645
9345
3728
7059
717
10
9232
4536
7003
6555
1273
5860
8298
9714
4018
5145
1722
5578
642
3490
5796
4485
6718
8991
8949
3074
4576
7638
1248
1871
1958
5625
5875
1457
6055
2329
343
8020
5188
5102
1191
5439
9856
399
4333
6985
1431
9528
788
3008
9207
9119
1603
8410
1804
640
338
2342
6187
2085
8691
729
747
6358
1997
2684
9743
2001
5933
4585
654
761
8668
7376
1079
219
8605
7286
7254
4665
1153
2649
8735
4267
2443
4374
8235
3162
5817
3335
9895
5574
4310
5624
9502
9472
8267
6108
9826
4013
513
802
2193
8001
8334
5292
3723
128
8125
4815
3389
2852
1889
9533
6200
8841
9827
5072
3628
7360
5226
354
6768
3048
8162
3707
2413
3918
4924
3345
9900
4444
8424
7490
9935
2744
2692
4867
9605
4021
742
2129
1390
5416
588
1775
9204
8107
4238
481
914
4246
3817
7637
6745
4965
6326
3129
7346
7206
1719
4985
630
9840
1169
2061
1948
783
394
9560
4901
6047
33
2344
7359
9133
6285
2887
4067
4374
6620
279
9383
829
1933
460
8239
9186
6848
1979
327
4148
2291
9681
1735
6428
9283
6498
2859
8610
4321
5846
8986
4991
4652
9013
8420
2794
7783
2019
3003
4820
8663
6730
2293
2654
2875
9069
8781
2333
2703
6484
8525
2838
5379
8444
7218
9828
3572
1112
8013
6412
6860
19
8640
1217
6108
7953
4722
6813
5297
2181
1475
5895
9370
1599
8852
2963
9670
2001
6494
1193
9639
9714
1424
2597
5239
2240
7842
2437
7158
3049
8636
9452
1436
4734
7592
6678
7228
6790
4912
2301
7745
1073
696
8704
4271
6821
6931
244
1498
5533
9326
6390
1136
8138
6881
2433
6065
7424
1349
3174
775
612
3248
9247
23
9646
109
9483
7257
7051
7376
9802
5631
7235
1738
1895
3342
4335
4290
6170
1335
522
4161
6359
8926
6400
6247
3931
5136
7519
7950
7796
777
9929
2469
114
6683
4242
8720
4847
7124
5582
8620
9153
788
7957
1639
9066
8612
121
9691
1212
254
7605
8081
3995
2808
2271
7207
1988
7188
7136
8607
8623
9657
8511
6589
7601
9581
5926
6029
5931
5064
3877
868
5734
2127
7275
9756
2649
6107
9227
9619
2708
327
2647
6260
7925
6706
7981
7676
2580
4892
1528
4833
5040
8499
1614
5157
9600
660
8370
6996
1513
8444
2713
1842
3139
5393
463
8655
4251
6419
9979
4537
7446
5647
9899
8013
3716
2675
3938
8809
5523
6243
6551
9785
3479
8501
8678
5304
6106
10
5698
9527
3006
6786
9095
7931
8765
1259
8171
8439
3265
4891
5464
5341
6135
600
5177
748
9356
681
9689
4419
4763
9456
2433
3336
7480
2454
7109
9191
4236
5545
2817
8300
4019
4339
5532
1902
6008
7798
82
2778
2437
1287
5914
1931
9922
300
6620
6476
9467
9783
9027
1427
5047
5283
5413
7974
3441
755
7146
860
7495
8242
5938
7789
295
4075
6407
5902
9567
8874
6123
9634
1130
9142
3717
3978
6517
4745
4021
5374
4284
5952
6799
7538
519
7681
2815
8359
8813
7527
2519
8365
9846
49
9614
2274
3608
6166
1165
4958
9749
3353
3226
7975
2807
2860
682
272
6150
9859
8578
5606
1048
7750
4056
4830
5324
9961
5054
5630
1584
223
1005
7914
8533
9190
63
3083
7192
4437
7541
3894
5282
8757
5403
4633
5453
8233
4441
1847
8066
4403
4415
7619
4497
5009
76
3211
3753
7083
6233
7225
3765
1570
4073
2740
4444
4414
2855
7432
7153
7376
7368
8321
2322
6604
1684
1855
1098
3112
296
8973
3255
4632
1334
9106
6720
9089
5329
5757
8171
2056
4792
476
698
4923
4555
2622
3542
7129
6113
5596
6052
5343
7238
4207
3593
6710
9355
8314
1671
8224
9549
3286
8871
1894
2227
7256
4156
9901
6603
4789
1693
1131
5877
6202
2644
2795
20
192
6487
6833
5099
4587
1371
5907
2338
5447
5428
2186
384
1059
539
600
2516
9435
3143
1272
4674
6967
5251
4621
924
6523
3599
7911
4300
5763
9839
1446
4879
4358
726
7288
3763
9501
8903
9761
2914
6837
1239
3848
641
3691
1738
4652
9920
8638
9759
3217
5709
5672
7237
8787
1240
5814
3225
6938
6108
4375
5159
7588
4487
3029
7659
6949
5613
2531
2122
4905
4153
3336
3604
1319
7579
8996
8284
4467
8157
869
8964
1927
1859
6775
6785
1013
6104
497
7202
1307
5843
9623
1078
9761
6403
2630
3004
7194
5409
1566
1316
8943
978
6534
4399
3583
2997
4392
1168
1792
8865
3560
61
3282
3745
6084
9931
5641
311
1605
4930
1259
5065
2778
5180
4274
879
269
1669
4140
1915
2794
3578
3008
6565
6327
8866
5398
1026
5518
7272
2242
2044
1367
7907
5535
4316
109
6387
9315
5093
4103
1983
2975
1445
9109
4099
2116
1825
6843
2294
1542
9781
4883
7638
461
316
6828
9539
8877
7981
3614
4467
244
6131
6930
6419
4390
4919
2817
705
5343
7820
8539
3513
7398
6278
3409
7444
3314
722
9283
5216
8467
8831
2322
1478
5678
4879
9174
675
685
389
4831
3210
5316
3717
3304
7171
8465
8115
1108
9359
7918
1005
4721
1011
4751
3673
7691
3723
5770
9949
3545
3245
9258
1419
2875
628
4933
9555
3539
4538
3547
7597
5324
8418
9475
3418
10
9754
5664
69
5847
6103
526
618
2529
808
5084
6522
7267
7808
1561
6405
2082
2807
1061
5662
8596
3032
8417
245
2639
1018
7396
74
5321
616
238
5852
1247
7013
7674
8613
5244
8415
5018
2324
4069
3768
220
1434
3044
4410
4284
6336
897
9109
6908
5906
2129
4195
715
1537
8711
7878
836
9297
5472
3829
5146
325
224
1325
7810
701
1227
2138
4051
9874
3165
8665
5079
5641
6946
7546
9882
5265
4074
6777
1548
6883
6934
5938
5678
1322
2444
4
5030
7873
163
3796
2967
5302
687
4587
6461
9469
1591
5961
9213
8927
8012
987
4007
7954
7043
2085
904
992
2069
9988
4515
9267
4268
9336
7918
547
5986
9980
8624
5624
7050
2316
4318
957
7068
203
1118
3762
1027
4968
7356
2265
3467
6651
9320
3995
1785
6311
4378
8715
440
7401
9917
308
5294
4608
3172
7204
1563
7274
2793
854
4474
667
9030
1930
213
8833
8760
1696
1663
8806
2610
4292
3871
2349
7884
7266
8671
3244
7589
490
8884
8667
6277
3166
1705
6537
5084
2457
3662
3476
8471
1892
8294
8490
3920
836
210
9608
2939
4849
4676
5975
5315
9751
6623
9552
7
1568
4819
8760
3486
6393
6995
8553
6933
395
7429
7708
4226
4037
7198
9836
5991
1840
1980
5421
271
8374
1951
4534
6431
1544
3192
3219
6987
7940
6820
3673
5915
3428
9171
3370
4914
5850
7759
124
9011
638
7171
2645
8787
3217
3908
152
4558
5023
7470
7356
4311
8222
3331
4645
3801
9336
8450
5529
3588
6129
5282
4158
9502
8637
6434
8384
3423
4176
324
5324
5788
8549
1458
8635
4423
9436
1626
4617
6202
2284
8598
7458
3586
9079
9403
4927
3626
5350
2882
3768
4171
8187
2698
6376
5635
2970
3061
1426
2515
6287
2066
8200
1953
4663
4389
3345
9026
9985
7920
1937
2135
2939
6576
6236
7131
5684
2438
5846
9917
7858
1439
3638
4097
1870
6962
2682
2728
4966
3970
163
9231
6702
6736
9854
3689
1645
1391
7256
7492
4310
4815
9261
272
145
5727
4164
822
3058
122
7642
3918
6940
8495
9870
5954
2836
2356
9896
466
7371
6297
1763
8841
9831
2520
7610
4082
4978
9688
7518
5062
2216
5631
8383
7043
6266
1643
3061
89
1406
9740
9493
4594
8370
4464
1241
8539
4993
2208
6010
6845
4234
8307
4353
4748
4859
4145
1006
1389
4054
5750
7537
2010
8697
8987
414
3542
8032
5568
3322
8766
2968
7416
3364
9129
733
135
9310
9206
6221
1342
1880
6916
2135
917
6116
8601
7908
411
6472
4676
1737
1059
7427
9758
5082
2590
4007
6828
3758
1864
6016
8321
824
8102
9795
588
6829
6459
1112
6133
4164
4911
6145
8511
789
3127
1270
972
5603
2634
4428
368
1053
3950
9605
1739
3175
9457
7061
833
3748
2542
4988
8906
970
1874
7140
6675
8305
4254
4072
8961
8872
4700
3165
1006
2747
9883
4829
1192
7310
7955
9212
5437
2715
4830
5813
6940
5123
5325
5662
2238
8851
4555
5076
7316
5086
5675
1932
902
9469
7414
2156
551
9767
8776
7376
4524
9004
9426
3427
7553
7845
5765
4548
4
2481
4323
7968
3688
2639
2108
9813
3343
9381
5853
6182
10000
9264
6235
2365
7990
8910
3721
5436
4220
3266
7155
9986
2682
3594
8377
812
5158
5063
6986
3959
6481
6756
502
6044
7029
9345
6210
3786
1389
1980
9817
2034
6320
7145
2988
2050
6224
8399
9935
3590
4564
3739
3748
2473
4680
9153
6912
7336
2684
6733
230
9469
8685
8066
7836
9229
5741
2587
6218
5640
515
2343
9315
432
8928
4746
5713
8356
6045
4154
3127
1156
9724
649
1060
8593
997
4030
2938
2109
4228
7644
762
2762
3273
2090
6100
6248
7427
6805
7890
6577
3319
4587
168
9324
6848
4363
3779
3555
6699
7162
2312
5740
6208
9803
1845
8147
3436
474
4301
9407
3124
2720
1615
822
9083
9988
9647
4412
1094
6480
8746
8488
1943
2074
4883
2724
6393
3402
6760
6042
2701
8695
4669
1164
4468
9750
6627
6152
6508
796
6362
4845
899
7517
2149
1064
1792
7680
5230
7432
5885
3260
5317
3808
3294
4320
8917
4208
8291
3649
9809
8343
5934
5946
7697
4923
4695
1214
2589
3398
1400
4569
4400
9744
4654
5582
3111
2154
6944
764
201
2303
7959
1088
608
4093
1910
35
9000
9149
782
6124
1218
664
1442
7202
2941
5637
6069
6050
9528
3634
3320
5211
9072
5626
3760
3942
3363
2412
9103
9538
9747
8906
4014
899
1304
2351
7222
1992
1752
8063
1254
5605
5171
3710
2169
7421
1402
1444
1381
5041
5740
9249
8923
7819
8079
2021
7780
966
3574
9657
9756
46
6821
928
970
2364
4734
3619
6329
6300
4476
2641
3544
6307
5984
9947
5766
5132
9164
217
7261
9106
2007
3698
7335
9606
1235
9172
9480
4021
1690
3201
5901
5636
8251
8960
2464
5265
6695
2759
4054
369
3583
7390
9140
6175
7439
8005
4651
14
7647
2401
6956
2271
6387
1926
4784
8114
4549
7760
7111
5911
7228
7070
1616
3454
9417
5291
4507
4002
8667
5014
6747
5781
2430
8875
4762
4086
8569
1570
8761
8878
7405
8059
5837
2686
9491
1685
4237
2078
9492
743
7233
8661
6035
3362
6402
9428
6853
4438
6167
426
9420
7075
4364
4807
1540
2468
6092
3766
3163
4722
5956
1958
882
3168
7573
8700
72
9400
3150
189
1190
8534
2707
2824
4456
2280
1660
6237
3308
2824
9489
9010
5401
8261
4081
7863
7272
8699
115
9722
8967
8283
1911
7669
6225
855
4490
5587
5676
1822
6044
3530
1456
9218
4378
3541
1389
9489
6536
1150
2530
2740
4148
5925
3938
3636
2839
775
4266
4944
4179
7858
8477
7531
4713
1703
2308
2058
2912
9008
2767
2403
8202
9031
4720
3893
2830
440
4053
7012
805
3542
4309
5303
417
5936
1988
4773
4778
3742
8627
4967
1548
3276
4222
3016
7504
6074
2580
8478
5177
6110
6763
3306
8147
4133
6434
2702
116
5100
7431
5382
9405
4470
9072
8377
6604
1351
4407
6169
9946
344
5099
417
3309
2306
1713
3863
1370
6288
5770
5203
656
4304
516
9851
5186
8782
9851
4222
1732
7374
6651
7736
9356
742
1020
6092
1328
7161
9799
1167
4464
9335
7100
2720
7489
9053
8843
9467
7426
5476
7548
7949
400
3530
1491
7034
7790
9271
819
4483
5559
1604
8561
3720
5922
8610
8136
429
5491
7670
7875
3830
9449
1388
6179
1809
138
6125
1760
9269
9108
2881
9470
3608
3401
4034
5451
9852
5549
4193
7496
9553
7678
3409
9777
116
3487
468
4424
3604
5145
8668
3448
2218
1407
5018
8743
3776
2571
3165
6893
9412
9872
9927
9918
3526
2864
4045
7187
7186
6762
7200
4730
9319
3272
7929
5320
2502
1710
2050
435
1015
8598
4082
7694
521
1894
9165
7759
4763
609
1424
9464
8467
8939
6684
5290
8957
2282
9876
565
9446
3621
197
9657
4896
2776
6207
8474
7490
2083
3166
8163
9784
1018
6761
769
2017
227
7583
7686
7062
4600
92
2446
2696
7457
1194
6585
1051
6625
2284
236
5248
929
1984
1353
8209
976
3735
8390
3753
6090
1420
5537
7893
3867
5595
3543
8766
9097
1672
1031
3687
68
9424
6196
1699
9929
3002
3223
9104
9207
4637
318
3954
259
3234
3219
2774
299
8562
9659
7827
8929
9096
3636
4988
750
6416
5470
9912
5491
1127
648
6401
9389
942
218
9107
6924
8284
6572
3030
4523
3591
1902
6888
7749
436
3551
8628
9422
9403
4232
7233
6072
8878
429
7817
1915
6167
993
4655
8401
6659
931
3339
471
1085
275
8645
659
8995
3410
9625
4005
5299
9545
1936
753
4309
9307
7618
382
4426
9226
3244
1983
3911
2559
8357
3619
5590
8175
2541
7095
8174
4682
9369
5155
8367
3709
6735
8344
8096
6045
2275
9370
2043
8739
4839
4735
2318
2741
4565
5367
5894
1794
1273
6265
1216
2403
4564
8752
697
4847
6647
7647
3110
4302
7214
7867
9346
607
5106
1243
4397
9384
3553
3234
8347
323
7298
8473
772
5495
6581
2196
2769
6413
4313
4665
7034
1732
7528
9348
343
618
6193
4600
7949
6772
9178
4299
7541
2058
1451
561
3426
222
786
9438
3445
33
2835
2348
2377
1129
8037
2434
2940
8685
4313
9212
8708
5307
6291
290
4375
594
2751
847
5914
1663
8763
9551
3950
2725
8520
3946
9793
5696
1877
9285
1310
8560
1419
2041
1481
6960
899
452
5169
685
136
2439
3025
3021
3272
1131
5385
5489
8553
6202
8080
4162
4168
2045
3637
4092
541
3135
2394
6769
1287
7611
6175
8835
6759
7633
346
274
5443
7641
9311
2659
3621
1683
9777
8646
3925
3858
8214
8683
8006
8576
70
3681
4280
9528
3405
7956
9720
670
9676
6968
4763
5536
8136
7745
3335
3375
1809
1107
6497
7977
8159
2156
1156
3914
2922
2644
6721
8747
5437
3132
4302
1586
6833
1625
6099
8904
9516
8407
3425
5629
2167
6778
1807
1585
5257
4201
1304
8697
2522
2304
558
406
9633
5141
3178
884
9406
6691
7897
8056
6909
7727
1392
7618
8789
4572
5975
849
2504
4992
3409
9009
6900
6001
3272
486
5228
6633
8682
7998
1571
7661
2209
1634
4778
3256
3076
9049
5804
5881
2000
4351
2547
954
916
5913
4182
468
5682
5658
1956
4115
3316
1724
5680
1337
730
3975
6225
22
5647
3988
2710
5569
9753
5579
6999
6180
7295
1373
8395
3981
4694
1655
1262
191
7740
9995
8395
6515
8963
5
3133
5996
1734
3164
9096
1142
3926
5715
5028
735
1279
6538
804
8109
2843
469
2694
8678
507
8029
1105
800
2155
5504
9861
5420
6333
4132
119
622
9269
3830
4130
1269
3504
9057
4251
1400
6859
4957
7932
3827
4605
2881
3244
5909
1081
5503
3446
3523
3719
3646
2520
2068
8339
1093
7340
4076
6800
2824
2723
2973
6174
4092
6077
583
5034
6130
1401
6138
9214
2550
8464
3707
9235
7782
9899
5253
5380
8897
147
1233
6834
8193
4305
7439
2452
940
4210
6977
9126
7376
8115
2569
9198
9132
3924
5984
2269
2015
2527
8394
3240
8223
6573
8598
6916
8266
9206
7987
3937
7175
1530
7653
5107
8088
4877
5937
9541
3376
1272
9972
9362
3344
5638
2644
1374
3240
2801
7187
324
8263
3984
2268
4220
6828
6327
2739
8090
6338
9742
9008
2162
6314
5849
9477
51
7094
1149
7990
5595
717
852
1185
6421
659
358
7668
3350
62
5926
9660
1197
3126
3106
5713
9274
1559
9378
232
5893
6355
86
1973
3713
6756
5392
3763
2958
1494
147
5347
8861
1695
4982
4215
3133
1697
9828
1860
2662
2887
8140
2579
3579
2144
7121
7760
6287
7669
5970
271
5298
7930
276
6067
7374
1918
1686
1403
5305
5528
6775
9217
1191
2787
9711
6265
1328
695
3380
3885
4162
6611
8399
6590
190
9475
7031
4019
2905
7847
1277
7324
9092
9885
4936
5520
1497
6445
1138
1603
5182
3847
292
3942
6307
5870
1703
5568
6917
5802
1398
9119
5641
8433
7915
9424
3745
4792
5419
8829
9885
4196
2253
1970
1004
5329
8029
6627
3081
4686
4446
3457
5844
6299
2002
2304
1691
8920
1634
4349
2284
7609
4870
5109
5700
234
1861
5608
6246
6769
4946
25
6573
1683
4637
3244
879
9661
9261
1608
1830
264
9907
6418
770
5163
5729
8373
9690
2136
2354
9758
845
1386
5223
5061
3645
4754
7170
6579
6542
4601
1144
5075
4010
2239
1033
9326
7049
8400
2244
2767
3433
2706
5250
8311
7036
7555
5218
8640
3285
3911
2639
5537
8755
1901
1331
4881
3628
6125
4927
2910
4203
1085
8039
1571
3514
7791
8091
2593
8123
7249
9553
6311
4671
4714
1363
4526
3900
3620
3298
1499
7679
3961
9930
6094
4017
1293
8394
2129
172
2774
7600
9947
4090
3023
273
7560
7943
4407
7143
8362
8948
14
1179
96
538
2260
6240
7512
3415
2289
8259
1652
9924
9363
634
6385
953
4521
2917
4924
1179
4244
2385
8443
2241
610
6202
6221
7730
4934
5322
6417
9126
2112
6655
4869
4953
4955
6530
6840
8372
2663
5972
1433
6751
9789
3236
6270
7260
3346
5054
3
1165
5730
4826
6033
8842
5387
2135
223
7171
3139
9452
1396
6289
5636
3996
3732
6780
1665
5416
7146
2165
3826
2639
4310
1080
8890
6259
9751
595
2453
7119
8334
2766
7699
7692
2692
6041
3864
5949
7669
9092
3357
3804
7701
8808
519
2948
5208
8105
8173
4470
1197
9479
3601
7818
1757
2770
593
1090
1366
9361
4607
4543
1167
3011
3912
5968
8732
5727
8681
1681
235
1839
3226
3536
1266
7136
638
6735
3459
5254
3091
664
9503
423
2806
763
5696
6526
5964
3609
8542
2788
9897
1783
8284
8107
9814
4487
1532
6715
2369
9647
2537
1451
7622
3106
6111
6231
7596
902
1249
6767
6201
7783
582
9365
1452
6799
5064
8358
9649
6271
3432
9108
9638
5765
6263
1606
8374
7639
6466
8429
1795
3955
7506
4785
9711
5631
8538
2974
4598
1863
399
7559
1789
8292
4006
5715
5055
8694
8600
5915
4577
6100
2
8242
1325
7235
8412
5205
1257
3560
2477
5925
161
6391
1449
2824
5739
5529
1711
2123
6896
3369
6053
220
1236
2626
4457
6494
3914
9212
9237
3274
954
539
4425
4600
476
6326
6323
3359
4481
998
4696
8202
8860
7188
3048
3977
6730
6050
2407
3718
3221
2396
3886
6974
1945
5463
4332
995
6244
8987
8625
2708
5635
6956
3748
1144
3976
1965
1903
8171
9174
4308
280
1639
2213
7913
2564
5260
7305
5493
2310
2444
8986
2007
6525
5479
8487
8438
2605
2500
9713
3325
1556
214
2243
211
2797
8570
6630
911
9825
2548
3275
7893
3313
1413
8590
2719
1486
526
4175
7135
1087
8946
5389
7649
1741
4306
394
3645
7921
4310
5829
4235
6854
8168
1280
4434
1807
23
2090
4040
921
7682
6619
2818
6124
2372
1645
914
567
7429
2023
4966
2218
7478
6934
8576
2598
7201
9316
5895
8387
9760
7336
2382
1324
3831
4029
1078
6505
5345
75
7336
594
5152
2085
4446
1940
9403
6895
2545
3796
8422
7809
4455
3466
9061
8206
9818
674
5034
7812
3745
5062
9513
7827
7633
4117
2922
6511
3555
3126
7090
1576
6405
6031
3987
1499
6542
6205
8879
6389
9003
9117
418
5932
6031
3516
8544
9726
4696
8673
2877
4200
3630
537
7385
6770
2696
2165
7295
6745
2260
5769
9962
9555
5222
6801
2939
856
9822
8320
2254
7639
8449
5567
3890
8659
6069
7126
6778
441
6961
3930
3266
348
5932
9997
9402
2551
3065
4254
3568
8838
6433
2265
5820
3564
5129
9608
7118
8458
1581
4059
4485
2184
2235
9691
1046
732
6454
8257
6785
673
5551
1474
5156
1275
7128
8688
2014
9682
1678
5168
2965
2545
5618
7086
9543
6013
1359
1978
3928
1322
9321
1613
4276
6079
7315
3023
8438
7991
6622
7112
7053
8437
2340
7049
4429
5911
8754
4296
6612
8922
7937
1584
716
6860
9597
8668
7922
8042
7342
7954
459
9756
5145
2560
1293
8233
3655
9811
9628
6930
523
2745
9717
6850
3183
9386
8256
7510
5787
8299
2466
4625
9394
6214
4292
7621
1121
1378
4331
5855
595
9244
4167
5550
3883
8405
3754
3639
9408
2284
1914
4853
6067
8281
6879
5187
6553
210
7984
1012
375
7559
9290
7792
1645
5227
6212
7563
6099
8484
9477
8024
5768
4909
9596
7665
1976
4118
1084
1636
6317
7259
8360
4721
5364
2245
7942
2155
5678
9369
7331
3995
6956
985
318
2204
7856
3996
6193
2379
9223
7945
8623
9812
7941
5429
7310
6956
2457
2504
7503
152
7600
7743
252
3597
9684
2552
4621
5578
3336
5984
2362
2171
3773
3507
7375
6355
774
8923
6767
9850
9859
8709
593
1351
4493
582
8837
3275
1582
8996
3925
4648
9803
6672
8615
2216
9353
8249
5245
5270
7046
7189
4908
1853
9144
5923
5798
1111
731
8985
9391
9734
7249
193
4045
2621
3858
6639
3549
768
3383
504
7274
1638
6125
8702
6835
1438
7581
9136
8919
8383
1386
7469
1064
252
6533
9219
4109
4572
8264
5534
353
5552
9326
177
3976
5263
383
7724
3610
6734
1311
5795
611
5070
6202
1088
3876
7328
8449
6332
4887
7258
5809
6891
4974
1098
5830
2454
1781
2152
7560
3622
8209
5452
6211
4673
8096
8951
4731
1451
303
1048
5796
8180
2454
2057
2436
2234
4296
5109
781
8067
8331
1156
4915
7905
6696
3922
5788
8550
8887
1275
8239
3754
2233
9053
9827
4356
6710
5171
7704
4105
1456
2660
6626
6239
6512
636
649
8662
4406
7516
2633
2667
4258
6387
4528
3637
5370
2376
1313
7898
8916
5987
2701
7653
755
2950
5035
1202
6843
6075
6434
8274
7370
4496
4900
2929
9737
9330
4688
4620
9899
1358
7501
3670
7023
9798
3789
5618
6897
5863
4229
8880
747
6783
1840
7829
204
1730
4136
3345
4898
4001
3997
6778
5158
8590
6218
6555
719
6421
6234
9736
3975
3786
3039
60
3519
5994
2499
1752
9037
218
7477
4944
9609
5673
7916
2466
9750
9014
5923
6094
5735
8057
5941
8767
7787
8160
6892
8401
2127
5352
3021
9079
4663
4014
4976
6591
2209
8458
8228
2177
7068
6819
4178
1542
2960
7238
5615
9138
9190
4900
5133
624
1516
6999
8375
4524
5
8805
7755
2498
1206
4742
5173
9518
7411
7103
6973
3864
56
9671
409
4917
1710
4907
6409
9067
7573
406
6493
5778
2711
8708
3396
7722
2687
2193
3255
2441
4301
7975
2440
6237
7735
760
3597
2001
4749
6470
4771
7346
36
9220
8788
2366
1174
1551
6505
707
9058
7085
9634
6084
7678
910
5063
9664
6409
2835
1012
2397
8385
8008
4366
1819
4327
3481
9401
9757
2781
8527
1046
8145
6698
9595
7351
7919
8060
6239
9200
3955
1606
8148
2015
8737
1306
8812
7255
2203
6612
3126
5872
5382
5393
2339
3969
9146
1433
1573
6057
6978
954
2232
7688
9036
7375
2689
9154
5068
8875
8044
599
8173
22
3561
9889
1240
617
327
8894
9064
5036
2696
6587
4731
3331
3431
1008
4883
780
2795
8438
3415
9127
2533
7922
2613
4904
9455
1654
6614
5221
5748
5134
1963
8149
475
8567
7445
4468
4108
2184
7631
2376
6824
7684
5164
1394
3993
6846
2557
4673
3112
461
4328
3154
7910
2966
1936
109
8727
3599
1052
6533
7585
3253
7930
572
5766
5979
5298
2317
6086
8232
687
6556
7241
6590
4377
1695
933
5892
4007
4236
2901
1249
1176
7807
8767
2440
15
3289
2801
6930
7317
4684
9480
2074
495
9337
2096
2115
7841
8941
9170
5371
7005
1496
270
3104
616
3236
7003
6028
3840
8540
2044
5912
2781
5623
1161
9943
2149
8396
5303
850
7523
7202
1161
5222
1828
9745
8712
9549
3327
4487
799
4814
8803
7670
8066
7130
4225
2947
7267
9166
5814
8360
8802
6889
2750
6316
8179
3708
5652
6775
4984
8679
4013
1246
3435
4278
8327
5313
8587
2965
1250
687
5156
5511
7055
4177
4373
7941
5387
4265
9058
6054
6639
3382
1198
3448
2588
4533
3395
2277
4267
6852
1838
3467
2537
8903
3957
5039
1967
3910
6138
3788
4307
3399
7287
3952
4091
2515
2835
1037
9179
413
6749
717
1240
8517
3883
3533
9545
4035
4877
4649
8430
6770
6868
3494
3888
2803
54
6392
8407
1265
6711
5405
4581
8674
3637
1940
3001
5359
8773
9450
3735
6906
4465
4439
4919
254
5121
2464
5784
4123
8143
3444
8551
525
1140
3687
1338
6111
5773
3570
67
7842
8719
6350
2293
3932
2586
6855
8845
8125
3117
6093
4046
332
516
8376
9319
7918
6679
3976
4375
80
9174
4001
3675
4958
3231
7450
3706
9839
2391
6960
5030
117
8304
6720
108
2595
9157
5805
1680
2146
2564
8104
5230
2869
2043
9081
1331
7704
95
1416
7201
6593
2175
7861
3617
6651
3310
9545
2034
7214
9809
1382
725
5085
5829
7297
8293
2121
8505
2085
7835
2566
3380
1295
8034
6607
2412
4755
3972
4279
2686
4717
3571
9050
2271
3710
8828
4454
228
3085
7518
3442
2095
5769
1327
65
9166
3565
5890
6171
4068
171
975
7685
3367
2778
7257
6560
2901
3486
5002
9655
7444
3336
9209
6585
2144
3271
1680
3677
5911
2103
7816
2990
9003
2557
7842
9690
6871
3594
7734
4269
9201
2597
6240
4291
9477
386
2952
9382
7005
9087
3074
6412
1469
9444
3848
6369
3939
4670
2453
7869
7560
6045
58
1678
1562
119
2575
8029
9839
2204
8157
3349
649
5715
2706
5000
7165
5170
5351
7573
9030
4516
5760
1783
5887
1349
8973
3259
5579
5824
5317
156
7484
2171
4438
6447
6582
7305
7536
6151
1901
4575
2700
8356
8444
8592
1819
5868
9256
9723
8760
9669
1399
2762
6936
10
2273
1532
2585
4694
9856
8880
5835
4277
6125
4774
9036
2822
6714
594
8937
5853
8200
7573
7268
945
1571
826
1339
4062
7322
8084
101
4534
4451
7958
9287
4259
8756
6031
4415
6504
3341
9988
4078
1590
4252
9968
4002
2148
1498
9336
7632
3972
6464
4739
9860
4509
8534
3287
1217
430
884
9940
7411
8790
7050
4674
7388
5175
2779
4545
5250
4259
7137
4786
3295
8714
1942
9336
5248
5316
1109
8775
1167
5574
2447
6087
9046
5043
6395
5817
465
9369
641
5951
7103
989
6976
5989
8462
6583
5734
5511
2658
9675
9160
2625
8963
2324
6710
6859
6786
8326
3186
7347
7172
6227
9117
6910
9052
2162
1872
3193
5875
1032
6908
9944
1604
7038
8288
6160
8091
1200
3416
4562
3801
1580
3276
9549
4731
7109
4242
2866
2147
8528
2943
3275
9684
418
8852
9641
4623
3519
7299
7916
1798
5200
9824
3515
5119
5131
7578
2673
1786
472
1972
8226
1644
2153
5943
8119
9256
8474
9065
6155
6561
4283
9349
282
3486
3017
4507
2174
7130
9574
7892
710
6684
2119
4665
8034
6483
1192
8613
8129
1719
4885
2425
956
1868
9095
6394
4999
5623
4452
4988
2284
5934
156
2518
3510
7667
5125
9277
4656
809
2364
8907
7852
617
6945
311
8985
443
3639
1474
9274
5677
6399
2000
3481
5388
4940
7927
1549
9125
7547
5732
7813
8145
8324
4093
5704
5100
5855
2671
3682
4950
5225
424
5618
3696
8207
6832
494
3425
3644
2642
6055
6883
5636
6264
693
3694
490
7166
8440
3981
19
1461
7055
9374
802
9767
9285
8661
4552
1632
2060
1875
2198
4001
312
8761
8219
2447
177
9251
5571
4366
5504
91
5359
4972
5839
4071
7082
5329
8302
1053
3341
3963
9835
485
1393
5853
5717
4845
1588
5230
1570
2998
6896
1954
8960
5947
8367
6939
9021
5527
8998
8291
6300
1863
7064
397
385
129
2215
78
9830
1145
9777
8911
9956
5646
4558
4531
7305
180
8929
8713
4018
8236
9530
3803
3093
8454
8298
3262
4742
2519
6768
9411
3391
8359
613
9428
3567
441
6822
5919
1107
1765
3752
6769
985
6302
4715
6470
2840
58
1262
9701
2818
358
3375
6902
5915
7716
2229
4744
1460
5448
2314
5096
1607
8768
5872
5610
8932
1267
4458
4458
1754
5093
7718
905
1988
5972
6367
966
9153
712
9653
1764
9548
110
98
9571
1029
3135
4506
1614
9610
2627
3800
9131
9484
9663
3866
4166
306
2234
3183
1301
2515
2492
249
6642
958
6186
3401
1924
4326
9460
9041
113
7751
6429
1325
4949
2022
2082
2510
9190
1528
5331
6868
3340
4709
9174
3660
4631
9452
4649
3099
7241
2198
4900
2596
6666
3501
6593
982
6325
594
9907
9641
5974
9281
3380
6693
4352
6460
9442
8223
6808
133
9613
4215
8482
7522
1282
4591
1438
2752
772
116
1517
5115
3574
3497
1250
9601
3373
3165
583
2342
5545
2294
3790
5736
5578
8852
2407
7607
4895
4077
2467
3869
3250
7616
2272
941
9624
6457
2669
2562
8666
5303
5660
4929
8570
4861
7220
1475
4338
4761
753
6003
879
6352
6310
1225
6224
9142
4298
6172
3601
2544
6625
6366
9704
8968
7334
3543
416
8935
8330
9433
8614
5827
1208
310
4166
890
8623
54
7838
9331
6070
8744
7046
9773
7979
9253
7049
3209
3283
1691
6037
6740
1433
1679
4262
8900
5309
6054
5921
2797
4947
6146
7661
6878
2105
108
4662
1784
2912
9251
6082
928
9411
6430
9103
5976
3213
9826
1908
9374
1004
3290
4107
7804
7979
4995
6511
26
5850
8626
8840
8101
1303
3672
2897
1318
218
4621
9714
9454
6512
5870
7431
1439
4396
4885
3033
7741
9853
1545
5238
8970
4287
7623
4798
1765
5299
2449
6016
2223
3716
9290
6383
9714
9127
4192
2774
4471
1171
8039
3445
1662
1763
3836
8178
1886
6140
7560
9579
2577
7847
2187
1041
3084
5982
7738
6766
7171
2813
4927
2023
8143
4587
1380
2827
6339
4618
502
6662
3291
6413
6799
8144
8928
5055
9118
4877
592
5725
255
3825
4633
5035
7118
7937
1548
8456
4388
1678
3740
7309
7021
5645
4142
3580
1832
4911
4814
7326
3774
9204
3430
6548
3674
2810
1100
1310
1461
7752
2053
6639
7827
2515
9212
4418
3873
4306
1244
6098
200
7313
2816
3434
4621
1419
4617
4418
7755
4102
5808
2984
4381
7613
3575
3716
6593
1617
6745
1610
1744
7164
3138
8082
5639
9411
9369
8928
7982
5285
4104
9589
947
1599
9137
4180
9428
2844
9722
4132
7795
9678
3956
9096
9995
7112
4180
3263
6328
3230
1655
7179
9776
6049
4906
8828
8573
8560
841
1510
5543
9347
7375
1044
146
1256
3017
8366
9003
9573
8010
4363
4871
1710
3259
4067
8656
2811
5334
3013
4707
9736
1095
102
6330
2919
1917
7622
3336
3465
5066
8376
4855
4852
2391
5475
6919
8181
8559
3431
2743
643
3493
4886
5529
3650
7527
6915
4194
6391
1322
542
9235
3086
3722
4016
1522
2728
4307
7220
2985
1207
3272
4168
5682
7365
4067
5000
1277
5819
2905
4728
7201
7480
8235
8006
3923
5395
485
6365
9623
3145
994
2218
3479
3252
1572
3309
538
1770
1813
9980
878
240
73
221
846
1117
4881
7592
7978
4730
9118
182
4150
3352
2219
3153
7269
3456
3357
166
887
8953
7613
9235
8832
7351
2251
8162
669
5931
1783
2174
7760
6822
4079
7723
4018
8639
2610
1909
7719
7266
2160
4146
6973
3609
6121
5816
127
5796
1480
4053
8757
1794
4554
953
7904
9295
5079
6939
8873
7592
4435
3531
6573
6313
6859
1247
8206
6720
3808
9197
828
4816
9850
994
5599
9558
3059
5925
6793
8414
775
3735
9515
9609
3671
6139
243
8531
4964
6690
3797
8093
7908
713
6772
7103
3757
2550
6067
4330
2250
5925
2733
8861
1989
682
7662
6378
9963
5325
6395
6115
6964
1461
9586
1337
56
4811
5777
5270
8911
2646
840
6634
6006
924
2654
513
3313
1940
4995
6183
2016
1894
4560
2996
6725
2013
5810
2783
2090
2675
1987
862
437
7438
2025
7697
8881
690
6437
6226
6085
6648
6410
7720
7687
6412
9117
8551
4223
9880
8028
5711
3172
9208
9793
6724
3958
1117
8054
6909
8174
7998
3449
8732
5218
1225
7485
5114
6735
8361
8702
8322
1659
7631
752
3321
6086
1112
7138
8901
9169
5721
2836
1105
1277
6720
8822
6708
5267
2737
5092
7373
3347
3428
9981
9117
3370
5234
9992
4901
6470
4138
7845
8622
1402
9714
6669
9471
327
8698
1399
1147
2477
2805
9185
2352
6255
5405
7978
7729
8779
2622
2892
8543
8964
6970
5227
1624
1701
4898
7205
8243
7108
9643
2637
2985
4258
4854
2805
9027
3931
9929
8514
3956
3323
9651
3937
4743
9080
7439
3589
2707
3278
8049
9200
6718
2066
2484
8773
1743
3797
9508
8682
1326
2990
4004
1837
5773
862
4896
2642
6111
4033
3447
7660
6722
8775
6600
2361
4549
2825
724
7371
3514
8154
6718
8290
9702
1266
5007
7127
1276
7361
5646
2468
5256
1737
810
9716
4272
4722
8015
1081
9192
4386
5852
3708
9515
7919
1984
1699
1453
5167
2865
8070
1714
8248
2218
304
3272
9364
7267
6355
5076
5077
9021
1044
3546
8936
8209
5232
4287
7498
8402
8044
2565
5530
3622
5735
5248
4256
4032
6849
9735
1972
2156
9924
596
5724
8983
152
4155
5772
5196
237
9382
7943
8611
9273
1781
4836
4277
8621
6484
8213
5367
93
3938
7745
1842
8940
630
1494
8802
5314
9044
357
9410
5397
5875
6149
41
3048
5057
3222
5554
6545
4698
2866
9630
3837
3014
8711
3353
6987
6604
5264
3805
8951
7789
6834
9441
8642
1189
2892
3883
9974
6345
5201
1675
8518
14
180
4716
7721
4744
5244
7721
1182
834
2680
869
2958
6666
3642
5800
6904
7276
3849
916
3823
8406
5408
5801
129
223
911
6115
203
3671
9173
2063
3496
1158
58
3192
751
3817
266
4985
821
3601
5357
9107
3033
358
4672
7389
5304
7086
1117
5823
1526
3416
2819
2197
3859
5830
8055
6980
2944
4484
2406
2584
6117
354
8392
1660
3732
1179
9138
8284
6873
2167
6807
9718
288
4069
7871
2703
5893
8464
135
9725
2758
6518
8177
6098
5686
7882
9790
5668
5720
7947
9472
1108
8410
6136
1290
8036
284
6446
9370
566
6053
2018
4266
958
1550
3580
9083
9381
7820
2415
8695
704
7173
1829
653
6329
5337
842
1721
2438
5375
9086
5081
5370
7081
1224
8901
1079
7227
5235
6822
5552
5910
7031
4680
9277
7436
4365
6805
546
4022
1943
3803
9894
2123
9333
9670
8452
8889
8094
1988
347
1138
2849
7314
1154
8019
676
2649
8608
5484
6447
7773
283
4116
6535
5714
5077
8823
6249
4493
2428
9473
6894
2341
135
4804
110
6808
8458
2445
5908
6481
7460
5738
6354
2758
3871
8532
9486
854
5701
5027
3137
7357
9030
8709
6275
6930
3453
5779
8744
4883
5050
7966
4387
7272
8815
8711
1431
7317
7657
6269
7850
7749
133
8623
5537
1722
8690
422
728
3568
9973
4019
3990
9250
3743
5349
9003
2115
5965
989
6955
702
7839
5264
5250
7555
7573
8471
5586
8854
3977
516
5637
5337
9236
6619
3193
1874
2310
8792
9163
8775
4695
6464
7291
2348
6674
7096
9042
6784
2552
6903
7158
3444
7664
8199
8498
9105
1381
3435
6261
4551
6704
1082
1490
7387
5745
5791
1146
9882
3920
7722
9653
7206
8878
760
936
9
1180
1087
4821
9128
6084
2113
131
9247
1785
2669
1030
5582
9374
7621
6764
4460
1533
7034
8849
6611
8109
462
1117
4745
8519
2142
954
2365
9327
6981
5525
4007
4139
6
9864
2061
274
8444
3406
2478
7950
4820
2689
4671
9102
8945
2091
6398
1323
3469
7293
1520
7554
1089
4047
4498
734
3095
489
6781
6632
6733
6204
5852
9813
8118
7361
345
221
136
3704
9978
6288
5021
3588
2202
9621
8378
1524
4414
4202
2560
8664
4918
6520
6112
6145
4892
2680
1999
4605
1573
7461
1908
40
5568
4758